8,Job Centre,200
0,Carnock,60,3,10,40,100,150,250,30,30,30,43,34,97
4,Council Chest
0,Gowkhall,60,5,20,75,175,275,400,30,30,30,43,34,97
7,Council Tax,200
1,Woodmill High School,200,30,75,125,200,100
0,Parkneuk,100,7,25,90,275,400,550,50,50,50,148,175,209
3,Pot Luck
0,Garvock,100,7,25,90,275,400,550,50,50,50,148,175,209
0,Abbeyview,120,8,30,100,300,425,575,50,50,60,148,175,209
5,Lost in Bogside
0,Pitreavie Golf Club,150,10,50,150,400,600,750,100,100,75,219,27,92
2,Dunfermline Town Station,175,5,10,100
0,Canmore Golf Club,150,10,50,150,400,600,750,100,100,75,219,27,92
0,Dunfermline Golf Club,160,12,55,175,450,675,850,100,100,80,219,27,92
1,Dunfermline High School,200,30,75,125,200,100
0,D.A.F.C.,180,15,75,200,500,750,950,100,100,90,247,146,30
4,Council Chest
0,Dunfermline Abbey,180,15,75,200,500,750,950,100,100,90,247,146,30
0,Fife College,200,18,90,225,550,825,1050,100,100,100,247,146,30
9,Disabled Parking
0,Blairhall,220,18,90,250,625,850,1075,120,120,110,240,29,39
3,Pot Luck
0,Comrie,220,18,90,250,625,850,1075,120,120,110,240,29,39
0,Oakley,250,20,100,275,675,900,1100,120,120,125,240,29,39
1,Queen Anne High School,200,30,75,125,200,100
0,Kingsgate,270,22,110,300,750,950,1150,150,150,135,252,244,5
0,Halbeath P&R,270,22,110,300,750,950,1150,150,150,135,252,244,5
2,Queen Margaret Station,175,5,10,100
0,Duloch Park,280,24,120,325,825,1000,1200,150,150,140,252,244,5
6,Go To Bogside,10
0,Kingseat,300,25,125,375,900,1100,1300,200,200,150,17,102,55
0,Townhill,300,25,125,375,900,1100,1300,200,200,150,17,102,55
4,Council Chest
0,Bellyeoman,330,27,140,400,975,1200,1400,200,200,165,17,102,55
1,St Columba's High School,200,30,75,125,200,100
3,Pot Luck
0,Pittencrieff Park,380,35,175,500,1150,1400,1750,250,250,190,20,56,97
7,Rent Arrears,100
0,Town Hall,420,50,200,625,1350,1650,2000,250,250,210,20,56,97